Sample	0	1	2	3	4	5	6	7	8	9	10	11	12	13	14	15	16	17	18	19	20	21	22	23	24	25	26	27	28	29	30	31	32	33	34	35	36	37	38	39	40
SRR23610832_GSM7062168_P_3T_17_Homo_sapiens_RNA-Seq	(20, 103055.0)	(22, 126272.0)	(24, 128793.0)	(26, 100433.0)	(28, 76086.0)	(30, 63444.0)	(32, 57727.0)	(34, 66494.0)	(36, 98098.0)	(38, 106138.0)	(40, 103658.0)	(42, 118314.0)	(44, 126632.0)	(46, 135186.0)	(48, 142492.0)	(50, 156784.0)	(52, 170028.0)	(54, 180239.0)	(56, 183146.0)	(58, 178503.0)	(60, 180054.0)	(62, 192371.0)	(64, 203515.0)	(66, 200251.0)	(68, 229770.0)	(70, 263829.0)	(72, 229462.0)	(74, 207472.0)	(76, 215097.0)	(78, 258896.0)	(80, 220730.0)	(82, 221061.0)	(84, 216985.0)	(86, 213985.0)	(88, 202624.0)	(90, 206315.0)	(92, 223946.0)	(94, 409725.0)	(96, 0.0)	(98, 0.0)	(100, 6354027.0)
SRR23610835_GSM7062165_P_2T_9_Homo_sapiens_RNA-Seq	(20, 94187.0)	(22, 117603.0)	(24, 119080.0)	(26, 94965.0)	(28, 71303.0)	(30, 56889.0)	(32, 51978.0)	(34, 59747.0)	(36, 84808.0)	(38, 96822.0)	(40, 89613.0)	(42, 100446.0)	(44, 110960.0)	(46, 119355.0)	(48, 125653.0)	(50, 133282.0)	(52, 156736.0)	(54, 162758.0)	(56, 168815.0)	(58, 166854.0)	(60, 168112.0)	(62, 178178.0)	(64, 188763.0)	(66, 185208.0)	(68, 214983.0)	(70, 248156.0)	(72, 219564.0)	(74, 196057.0)	(76, 206708.0)	(78, 253624.0)	(80, 210877.0)	(82, 211402.0)	(84, 209995.0)	(86, 207348.0)	(88, 196017.0)	(90, 195628.0)	(92, 214071.0)	(94, 382737.0)	(96, 0.0)	(98, 0.0)	(100, 5360815.0)
SRR23610837_GSM7062163_P_2T_17_Homo_sapiens_RNA-Seq	(20, 101913.0)	(22, 125075.0)	(24, 124050.0)	(26, 95497.0)	(28, 69196.0)	(30, 55437.0)	(32, 49721.0)	(34, 55917.0)	(36, 81906.0)	(38, 87259.0)	(40, 82698.0)	(42, 92315.0)	(44, 99533.0)	(46, 105621.0)	(48, 109666.0)	(50, 118116.0)	(52, 133374.0)	(54, 138572.0)	(56, 142636.0)	(58, 137668.0)	(60, 138905.0)	(62, 147671.0)	(64, 154478.0)	(66, 152949.0)	(68, 175365.0)	(70, 205818.0)	(72, 173150.0)	(74, 155962.0)	(76, 162539.0)	(78, 198936.0)	(80, 164514.0)	(82, 165335.0)	(84, 162349.0)	(86, 159391.0)	(88, 151146.0)	(90, 152167.0)	(92, 168077.0)	(94, 312355.0)	(96, 0.0)	(98, 0.0)	(100, 4889239.0)
SRR23610840_GSM7062160_P_1T_9_Homo_sapiens_RNA-Seq	(20, 88572.0)	(22, 109642.0)	(24, 107148.0)	(26, 84093.0)	(28, 61133.0)	(30, 47150.0)	(32, 42180.0)	(34, 49022.0)	(36, 69484.0)	(38, 78950.0)	(40, 69071.0)	(42, 76793.0)	(44, 83804.0)	(46, 88555.0)	(48, 92737.0)	(50, 94797.0)	(52, 118774.0)	(54, 119163.0)	(56, 121909.0)	(58, 119787.0)	(60, 122482.0)	(62, 130200.0)	(64, 137521.0)	(66, 135629.0)	(68, 158462.0)	(70, 185315.0)	(72, 165816.0)	(74, 149939.0)	(76, 159383.0)	(78, 199009.0)	(80, 164414.0)	(82, 167262.0)	(84, 166283.0)	(86, 165260.0)	(88, 156534.0)	(90, 157739.0)	(92, 175363.0)	(94, 347604.0)	(96, 0.0)	(98, 0.0)	(100, 5355159.0)
SRR23610849_GSM7062151_I_8M_1_Homo_sapiens_RNA-Seq	(20, 226455.0)	(22, 267974.0)	(24, 240896.0)	(26, 189111.0)	(28, 147684.0)	(30, 119203.0)	(32, 110667.0)	(34, 134551.0)	(36, 188633.0)	(38, 240158.0)	(40, 202746.0)	(42, 222619.0)	(44, 236735.0)	(46, 227664.0)	(48, 225183.0)	(50, 224674.0)	(52, 279058.0)	(54, 264198.0)	(56, 259316.0)	(58, 258823.0)	(60, 253566.0)	(62, 259821.0)	(64, 257233.0)	(66, 239423.0)	(68, 256038.0)	(70, 272544.0)	(72, 262566.0)	(74, 220320.0)	(76, 223749.0)	(78, 278477.0)	(80, 213748.0)	(82, 208477.0)	(84, 194709.0)	(86, 189294.0)	(88, 181889.0)	(90, 179167.0)	(92, 191304.0)	(94, 345455.0)	(96, 0.0)	(98, 0.0)	(100, 4866331.0)
SRR23610854_GSM7062146_I_7M_1_Homo_sapiens_RNA-Seq	(20, 93856.0)	(22, 111317.0)	(24, 104160.0)	(26, 83571.0)	(28, 61960.0)	(30, 48924.0)	(32, 44599.0)	(34, 54984.0)	(36, 74542.0)	(38, 92534.0)	(40, 81122.0)	(42, 93107.0)	(44, 105177.0)	(46, 105912.0)	(48, 107861.0)	(50, 115990.0)	(52, 143006.0)	(54, 144037.0)	(56, 145798.0)	(58, 152151.0)	(60, 154787.0)	(62, 166169.0)	(64, 174187.0)	(66, 167838.0)	(68, 185286.0)	(70, 200023.0)	(72, 197945.0)	(74, 176595.0)	(76, 178456.0)	(78, 222281.0)	(80, 186538.0)	(82, 187103.0)	(84, 177802.0)	(86, 177343.0)	(88, 171953.0)	(90, 172020.0)	(92, 187245.0)	(94, 370760.0)	(96, 0.0)	(98, 0.0)	(100, 6013968.0)
SRR23610857_GSM7062191_P_8M_1_Homo_sapiens_RNA-Seq	(20, 291313.0)	(22, 324221.0)	(24, 296124.0)	(26, 238337.0)	(28, 186570.0)	(30, 147863.0)	(32, 136143.0)	(34, 164541.0)	(36, 225305.0)	(38, 261064.0)	(40, 236137.0)	(42, 261428.0)	(44, 274294.0)	(46, 272551.0)	(48, 277007.0)	(50, 271647.0)	(52, 313919.0)	(54, 314451.0)	(56, 301666.0)	(58, 281061.0)	(60, 275469.0)	(62, 280806.0)	(64, 281364.0)	(66, 257701.0)	(68, 271332.0)	(70, 280082.0)	(72, 267103.0)	(74, 235722.0)	(76, 235367.0)	(78, 286135.0)	(80, 231898.0)	(82, 225616.0)	(84, 210155.0)	(86, 208377.0)	(88, 192460.0)	(90, 191433.0)	(92, 198252.0)	(94, 370188.0)	(96, 0.0)	(98, 0.0)	(100, 5552999.0)
SRR23610862_GSM7062186_P_7M_1_Homo_sapiens_RNA-Seq	(20, 173656.0)	(22, 205164.0)	(24, 192854.0)	(26, 154268.0)	(28, 113901.0)	(30, 90532.0)	(32, 82745.0)	(34, 99230.0)	(36, 138823.0)	(38, 158756.0)	(40, 146132.0)	(42, 167583.0)	(44, 179264.0)	(46, 184111.0)	(48, 192025.0)	(50, 199463.0)	(52, 234711.0)	(54, 244529.0)	(56, 242906.0)	(58, 239583.0)	(60, 238949.0)	(62, 248289.0)	(64, 260331.0)	(66, 246154.0)	(68, 264718.0)	(70, 281564.0)	(72, 277546.0)	(74, 250471.0)	(76, 259004.0)	(78, 317696.0)	(80, 260430.0)	(82, 257885.0)	(84, 242602.0)	(86, 236799.0)	(88, 224288.0)	(90, 221421.0)	(92, 233902.0)	(94, 453595.0)	(96, 0.0)	(98, 0.0)	(100, 6975208.0)
SRR23610867_GSM7062181_P_6M_1_Homo_sapiens_RNA-Seq	(20, 133631.0)	(22, 158224.0)	(24, 147635.0)	(26, 118029.0)	(28, 86652.0)	(30, 71205.0)	(32, 63958.0)	(34, 78225.0)	(36, 115312.0)	(38, 132746.0)	(40, 120294.0)	(42, 141206.0)	(44, 154419.0)	(46, 158347.0)	(48, 167114.0)	(50, 182522.0)	(52, 207122.0)	(54, 216780.0)	(56, 218104.0)	(58, 214198.0)	(60, 214538.0)	(62, 227914.0)	(64, 241067.0)	(66, 230689.0)	(68, 253534.0)	(70, 274627.0)	(72, 267838.0)	(74, 242335.0)	(76, 248125.0)	(78, 311620.0)	(80, 255590.0)	(82, 256156.0)	(84, 238869.0)	(86, 236994.0)	(88, 223973.0)	(90, 229109.0)	(92, 239382.0)	(94, 466474.0)	(96, 0.0)	(98, 0.0)	(100, 7436724.0)
SRR23610873_GSM7062175_P_4T_9_Homo_sapiens_RNA-Seq	(20, 85921.0)	(22, 108141.0)	(24, 108526.0)	(26, 84843.0)	(28, 62171.0)	(30, 50705.0)	(32, 46526.0)	(34, 51099.0)	(36, 72042.0)	(38, 81882.0)	(40, 76098.0)	(42, 85307.0)	(44, 93666.0)	(46, 102090.0)	(48, 105476.0)	(50, 112276.0)	(52, 129102.0)	(54, 135331.0)	(56, 140198.0)	(58, 137328.0)	(60, 137198.0)	(62, 144249.0)	(64, 151568.0)	(66, 147750.0)	(68, 176474.0)	(70, 204914.0)	(72, 170888.0)	(74, 150877.0)	(76, 159411.0)	(78, 196065.0)	(80, 158833.0)	(82, 158343.0)	(84, 157948.0)	(86, 156277.0)	(88, 146464.0)	(90, 145171.0)	(92, 161874.0)	(94, 280254.0)	(96, 0.0)	(98, 0.0)	(100, 3840642.0)
SRR23610875_GSM7062173_P_4T_17_Homo_sapiens_RNA-Seq	(20, 88398.0)	(22, 108544.0)	(24, 108626.0)	(26, 85793.0)	(28, 62841.0)	(30, 50696.0)	(32, 46009.0)	(34, 53887.0)	(36, 79585.0)	(38, 85745.0)	(40, 80973.0)	(42, 91475.0)	(44, 100755.0)	(46, 108369.0)	(48, 112855.0)	(50, 119706.0)	(52, 144215.0)	(54, 149162.0)	(56, 153994.0)	(58, 152598.0)	(60, 157132.0)	(62, 170430.0)	(64, 181996.0)	(66, 183004.0)	(68, 217881.0)	(70, 269894.0)	(72, 218571.0)	(74, 197643.0)	(76, 207678.0)	(78, 254993.0)	(80, 218161.0)	(82, 221745.0)	(84, 219799.0)	(86, 218561.0)	(88, 207995.0)	(90, 213269.0)	(92, 241539.0)	(94, 448416.0)	(96, 0.0)	(98, 0.0)	(100, 7221530.0)
SRR23610883_GSM7062141_I_6M_1_Homo_sapiens_RNA-Seq	(20, 151198.0)	(22, 181980.0)	(24, 171007.0)	(26, 135947.0)	(28, 101856.0)	(30, 81647.0)	(32, 74220.0)	(34, 89445.0)	(36, 118775.0)	(38, 146792.0)	(40, 132557.0)	(42, 152038.0)	(44, 166222.0)	(46, 171631.0)	(48, 173947.0)	(50, 186055.0)	(52, 215390.0)	(54, 220702.0)	(56, 225625.0)	(58, 234359.0)	(60, 233710.0)	(62, 243276.0)	(64, 251578.0)	(66, 241171.0)	(68, 259945.0)	(70, 277056.0)	(72, 277927.0)	(74, 246249.0)	(76, 251967.0)	(78, 306471.0)	(80, 256469.0)	(82, 255109.0)	(84, 243775.0)	(86, 242288.0)	(88, 235629.0)	(90, 234872.0)	(92, 247486.0)	(94, 467629.0)	(96, 0.0)	(98, 0.0)	(100, 7192499.0)
SRR23610889_GSM7062135_I_4T_9_Homo_sapiens_RNA-Seq	(20, 94305.0)	(22, 116467.0)	(24, 115837.0)	(26, 93219.0)	(28, 70474.0)	(30, 57402.0)	(32, 51992.0)	(34, 60381.0)	(36, 83057.0)	(38, 94786.0)	(40, 91113.0)	(42, 104649.0)	(44, 116779.0)	(46, 122340.0)	(48, 127395.0)	(50, 138636.0)	(52, 158568.0)	(54, 165054.0)	(56, 171418.0)	(58, 175142.0)	(60, 176317.0)	(62, 185305.0)	(64, 192998.0)	(66, 188874.0)	(68, 208932.0)	(70, 224005.0)	(72, 221315.0)	(74, 197413.0)	(76, 204134.0)	(78, 250394.0)	(80, 206006.0)	(82, 206993.0)	(84, 199395.0)	(86, 196948.0)	(88, 190339.0)	(90, 191000.0)	(92, 202797.0)	(94, 393013.0)	(96, 0.0)	(98, 0.0)	(100, 5938764.0)
SRR23610891_GSM7062133_I_4T_17_Homo_sapiens_RNA-Seq	(20, 148093.0)	(22, 174550.0)	(24, 164398.0)	(26, 125777.0)	(28, 93582.0)	(30, 70580.0)	(32, 62791.0)	(34, 71956.0)	(36, 96136.0)	(38, 106647.0)	(40, 99756.0)	(42, 109836.0)	(44, 117885.0)	(46, 119732.0)	(48, 121462.0)	(50, 127448.0)	(52, 150716.0)	(54, 149235.0)	(56, 153325.0)	(58, 158355.0)	(60, 158178.0)	(62, 166900.0)	(64, 174297.0)	(66, 168427.0)	(68, 184887.0)	(70, 197964.0)	(72, 194934.0)	(74, 172753.0)	(76, 177001.0)	(78, 212592.0)	(80, 179470.0)	(82, 178773.0)	(84, 172153.0)	(86, 168240.0)	(88, 163489.0)	(90, 161626.0)	(92, 168517.0)	(94, 317176.0)	(96, 0.0)	(98, 0.0)	(100, 4606760.0)
SRR23610894_GSM7062130_I_3T_9_Homo_sapiens_RNA-Seq	(20, 109080.0)	(22, 132148.0)	(24, 127230.0)	(26, 101757.0)	(28, 77483.0)	(30, 62029.0)	(32, 56408.0)	(34, 65848.0)	(36, 86469.0)	(38, 98228.0)	(40, 94228.0)	(42, 107232.0)	(44, 117525.0)	(46, 122390.0)	(48, 125460.0)	(50, 135523.0)	(52, 152568.0)	(54, 158563.0)	(56, 163503.0)	(58, 167614.0)	(60, 169331.0)	(62, 178065.0)	(64, 188105.0)	(66, 184764.0)	(68, 205398.0)	(70, 221606.0)	(72, 216040.0)	(74, 194759.0)	(76, 197158.0)	(78, 234194.0)	(80, 204604.0)	(82, 204062.0)	(84, 197999.0)	(86, 195422.0)	(88, 190801.0)	(90, 192344.0)	(92, 204256.0)	(94, 394149.0)	(96, 0.0)	(98, 0.0)	(100, 6207137.0)
SRR23610896_GSM7062128_I_3T_17_Homo_sapiens_RNA-Seq	(20, 71287.0)	(22, 87251.0)	(24, 86511.0)	(26, 68152.0)	(28, 52378.0)	(30, 43329.0)	(32, 39983.0)	(34, 47350.0)	(36, 68276.0)	(38, 75039.0)	(40, 73142.0)	(42, 85701.0)	(44, 95191.0)	(46, 99661.0)	(48, 102543.0)	(50, 114636.0)	(52, 129625.0)	(54, 134957.0)	(56, 141029.0)	(58, 145318.0)	(60, 145943.0)	(62, 156134.0)	(64, 163952.0)	(66, 159251.0)	(68, 177446.0)	(70, 192016.0)	(72, 190950.0)	(74, 170958.0)	(76, 177067.0)	(78, 214379.0)	(80, 182303.0)	(82, 184125.0)	(84, 178298.0)	(86, 174722.0)	(88, 169730.0)	(90, 171708.0)	(92, 179230.0)	(94, 350554.0)	(96, 0.0)	(98, 0.0)	(100, 5377457.0)
SRR23610899_GSM7062125_I_2T_9_Homo_sapiens_RNA-Seq	(20, 152855.0)	(22, 195441.0)	(24, 169726.0)	(26, 127264.0)	(28, 95593.0)	(30, 72776.0)	(32, 67427.0)	(34, 89277.0)	(36, 133846.0)	(38, 149940.0)	(40, 135932.0)	(42, 149946.0)	(44, 160067.0)	(46, 158078.0)	(48, 157894.0)	(50, 163266.0)	(52, 188627.0)	(54, 185619.0)	(56, 190279.0)	(58, 191530.0)	(60, 192294.0)	(62, 202551.0)	(64, 211350.0)	(66, 208172.0)	(68, 237285.0)	(70, 250156.0)	(72, 227873.0)	(74, 202149.0)	(76, 193101.0)	(78, 229229.0)	(80, 198467.0)	(82, 203622.0)	(84, 187142.0)	(86, 180799.0)	(88, 176742.0)	(90, 179977.0)	(92, 191669.0)	(94, 364741.0)	(96, 0.0)	(98, 0.0)	(100, 6037301.0)
SRR23610901_GSM7062123_I_2T_17_Homo_sapiens_RNA-Seq	(20, 153324.0)	(22, 188975.0)	(24, 183824.0)	(26, 143340.0)	(28, 109051.0)	(30, 88869.0)	(32, 81673.0)	(34, 93459.0)	(36, 133408.0)	(38, 147859.0)	(40, 140700.0)	(42, 160898.0)	(44, 176475.0)	(46, 182643.0)	(48, 186621.0)	(50, 206054.0)	(52, 235782.0)	(54, 239938.0)	(56, 248371.0)	(58, 254897.0)	(60, 255314.0)	(62, 271712.0)	(64, 284006.0)	(66, 274266.0)	(68, 304617.0)	(70, 329000.0)	(72, 324022.0)	(74, 290463.0)	(76, 299281.0)	(78, 370883.0)	(80, 307022.0)	(82, 309564.0)	(84, 299349.0)	(86, 292942.0)	(88, 282316.0)	(90, 283814.0)	(92, 297455.0)	(94, 588756.0)	(96, 0.0)	(98, 0.0)	(100, 9077816.0)
SRR23610913_GSM7062111_C_8M_1_Homo_sapiens_RNA-Seq	(20, 83696.0)	(22, 101671.0)	(24, 102978.0)	(26, 85495.0)	(28, 61546.0)	(30, 48257.0)	(32, 44702.0)	(34, 55154.0)	(36, 77931.0)	(38, 91882.0)	(40, 80885.0)	(42, 94249.0)	(44, 104142.0)	(46, 109379.0)	(48, 113190.0)	(50, 120668.0)	(52, 144283.0)	(54, 149677.0)	(56, 153062.0)	(58, 158124.0)	(60, 160958.0)	(62, 175707.0)	(64, 183341.0)	(66, 173328.0)	(68, 185532.0)	(70, 200372.0)	(72, 202387.0)	(74, 183162.0)	(76, 191138.0)	(78, 245544.0)	(80, 194899.0)	(82, 194947.0)	(84, 184150.0)	(86, 182422.0)	(88, 176803.0)	(90, 172607.0)	(92, 182041.0)	(94, 359217.0)	(96, 0.0)	(98, 0.0)	(100, 5193482.0)
SRR23610918_GSM7062106_C_7M_1_Homo_sapiens_RNA-Seq	(20, 99469.0)	(22, 117063.0)	(24, 113770.0)	(26, 92080.0)	(28, 63734.0)	(30, 49331.0)	(32, 43954.0)	(34, 53076.0)	(36, 78304.0)	(38, 85219.0)	(40, 72649.0)	(42, 80630.0)	(44, 89520.0)	(46, 92024.0)	(48, 93494.0)	(50, 98479.0)	(52, 119452.0)	(54, 122410.0)	(56, 124053.0)	(58, 127789.0)	(60, 130797.0)	(62, 141343.0)	(64, 147566.0)	(66, 141632.0)	(68, 153694.0)	(70, 165951.0)	(72, 171048.0)	(74, 153205.0)	(76, 161423.0)	(78, 215723.0)	(80, 168425.0)	(82, 167650.0)	(84, 159919.0)	(86, 159876.0)	(88, 155541.0)	(90, 153946.0)	(92, 166305.0)	(94, 362807.0)	(96, 0.0)	(98, 0.0)	(100, 5806237.0)
SRR23610923_GSM7062101_C_6M_1_Homo_sapiens_RNA-Seq	(20, 77458.0)	(22, 92710.0)	(24, 92486.0)	(26, 73124.0)	(28, 54920.0)	(30, 44338.0)	(32, 40599.0)	(34, 49546.0)	(36, 66709.0)	(38, 75418.0)	(40, 73352.0)	(42, 84810.0)	(44, 93122.0)	(46, 97302.0)	(48, 99395.0)	(50, 106734.0)	(52, 122552.0)	(54, 127754.0)	(56, 132433.0)	(58, 137705.0)	(60, 139189.0)	(62, 149827.0)	(64, 159944.0)	(66, 155932.0)	(68, 168545.0)	(70, 181028.0)	(72, 183856.0)	(74, 167583.0)	(76, 171411.0)	(78, 203719.0)	(80, 179602.0)	(82, 178507.0)	(84, 172436.0)	(86, 171277.0)	(88, 168200.0)	(90, 167283.0)	(92, 177104.0)	(94, 346775.0)	(96, 0.0)	(98, 0.0)	(100, 5327209.0)
SRR23610929_GSM7062095_C_4T_9_Homo_sapiens_RNA-Seq	(20, 137174.0)	(22, 163199.0)	(24, 157267.0)	(26, 123608.0)	(28, 90611.0)	(30, 69616.0)	(32, 63000.0)	(34, 73788.0)	(36, 100424.0)	(38, 112163.0)	(40, 102367.0)	(42, 114744.0)	(44, 124617.0)	(46, 131114.0)	(48, 133615.0)	(50, 137041.0)	(52, 164010.0)	(54, 170175.0)	(56, 173501.0)	(58, 175959.0)	(60, 178550.0)	(62, 192371.0)	(64, 202217.0)	(66, 199207.0)	(68, 223966.0)	(70, 251076.0)	(72, 238243.0)	(74, 212448.0)	(76, 216975.0)	(78, 261412.0)	(80, 227008.0)	(82, 226580.0)	(84, 219933.0)	(86, 219152.0)	(88, 216008.0)	(90, 214643.0)	(92, 238183.0)	(94, 463003.0)	(96, 0.0)	(98, 0.0)	(100, 7062185.0)
SRR23610931_GSM7062093_C_4T_17_Homo_sapiens_RNA-Seq	(20, 118427.0)	(22, 141598.0)	(24, 140185.0)	(26, 111162.0)	(28, 82403.0)	(30, 64372.0)	(32, 57234.0)	(34, 67068.0)	(36, 97398.0)	(38, 105501.0)	(40, 97921.0)	(42, 109134.0)	(44, 119356.0)	(46, 126111.0)	(48, 130394.0)	(50, 135953.0)	(52, 161284.0)	(54, 165872.0)	(56, 169611.0)	(58, 172018.0)	(60, 177946.0)	(62, 188663.0)	(64, 198683.0)	(66, 194843.0)	(68, 214491.0)	(70, 235879.0)	(72, 232030.0)	(74, 210634.0)	(76, 217882.0)	(78, 263537.0)	(80, 227914.0)	(82, 225187.0)	(84, 219289.0)	(86, 215885.0)	(88, 212411.0)	(90, 211626.0)	(92, 229207.0)	(94, 459430.0)	(96, 0.0)	(98, 0.0)	(100, 6854936.0)
SRR23610934_GSM7062090_C_3T_9_Homo_sapiens_RNA-Seq	(20, 109491.0)	(22, 131309.0)	(24, 128783.0)	(26, 102784.0)	(28, 76695.0)	(30, 62638.0)	(32, 58764.0)	(34, 70643.0)	(36, 93425.0)	(38, 105114.0)	(40, 100598.0)	(42, 118166.0)	(44, 128531.0)	(46, 134621.0)	(48, 141117.0)	(50, 149136.0)	(52, 164857.0)	(54, 177373.0)	(56, 181746.0)	(58, 183122.0)	(60, 182980.0)	(62, 198319.0)	(64, 210861.0)	(66, 204776.0)	(68, 231333.0)	(70, 256667.0)	(72, 239854.0)	(74, 213056.0)	(76, 213336.0)	(78, 252773.0)	(80, 222394.0)	(82, 222700.0)	(84, 212619.0)	(86, 211053.0)	(88, 205211.0)	(90, 207534.0)	(92, 229548.0)	(94, 435601.0)	(96, 0.0)	(98, 0.0)	(100, 6876511.0)
SRR23610939_GSM7062085_C_2T_9_Homo_sapiens_RNA-Seq	(20, 128572.0)	(22, 151820.0)	(24, 147025.0)	(26, 115324.0)	(28, 89752.0)	(30, 74937.0)	(32, 69400.0)	(34, 83327.0)	(36, 107768.0)	(38, 122172.0)	(40, 119305.0)	(42, 140567.0)	(44, 149907.0)	(46, 155842.0)	(48, 162596.0)	(50, 173651.0)	(52, 182241.0)	(54, 195137.0)	(56, 198844.0)	(58, 194407.0)	(60, 190793.0)	(62, 204405.0)	(64, 216092.0)	(66, 208311.0)	(68, 230586.0)	(70, 248985.0)	(72, 230805.0)	(74, 204473.0)	(76, 202116.0)	(78, 231736.0)	(80, 207833.0)	(82, 205462.0)	(84, 194915.0)	(86, 191601.0)	(88, 186226.0)	(90, 186246.0)	(92, 205185.0)	(94, 378442.0)	(96, 0.0)	(98, 0.0)	(100, 5925298.0)
SRR23610941_GSM7062083_C_2T_17_Homo_sapiens_RNA-Seq	(20, 103768.0)	(22, 125083.0)	(24, 121819.0)	(26, 95459.0)	(28, 71200.0)	(30, 53043.0)	(32, 46655.0)	(34, 53988.0)	(36, 80011.0)	(38, 85550.0)	(40, 79634.0)	(42, 85929.0)	(44, 94192.0)	(46, 98719.0)	(48, 101675.0)	(50, 105379.0)	(52, 123322.0)	(54, 126477.0)	(56, 130294.0)	(58, 132057.0)	(60, 134532.0)	(62, 143873.0)	(64, 152390.0)	(66, 150354.0)	(68, 164472.0)	(70, 182568.0)	(72, 176209.0)	(74, 159918.0)	(76, 166166.0)	(78, 195756.0)	(80, 173007.0)	(82, 169796.0)	(84, 165609.0)	(86, 163646.0)	(88, 161022.0)	(90, 159048.0)	(92, 171237.0)	(94, 318809.0)	(96, 0.0)	(98, 0.0)	(100, 4396391.0)
SRR23610946_GSM7062078_C_1T_17_Homo_sapiens_RNA-Seq	(20, 75299.0)	(22, 90530.0)	(24, 92684.0)	(26, 73388.0)	(28, 57544.0)	(30, 47969.0)	(32, 44047.0)	(34, 52687.0)	(36, 73927.0)	(38, 81553.0)	(40, 81843.0)	(42, 96129.0)	(44, 104657.0)	(46, 111574.0)	(48, 116597.0)	(50, 126262.0)	(52, 138858.0)	(54, 148055.0)	(56, 153068.0)	(58, 153654.0)	(60, 155710.0)	(62, 165057.0)	(64, 176011.0)	(66, 172834.0)	(68, 187659.0)	(70, 202829.0)	(72, 198291.0)	(74, 182298.0)	(76, 185022.0)	(78, 215437.0)	(80, 193298.0)	(82, 191920.0)	(84, 184366.0)	(86, 181184.0)	(88, 178986.0)	(90, 179816.0)	(92, 190053.0)	(94, 358838.0)	(96, 0.0)	(98, 0.0)	(100, 5400661.0)
cell_line_1_0h_rep1	(30, 48266.0)	(32, 44731.0)	(34, 55267.0)	(36, 77947.0)	(38, 91869.0)	(40, 80956.0)	(42, 94299.0)	(44, 104211.0)	(46, 109437.0)	(48, 113248.0)	(50, 120762.0)	(52, 144407.0)	(54, 149631.0)	(56, 153029.0)	(58, 158169.0)	(60, 160986.0)	(62, 175738.0)	(64, 183307.0)	(66, 173339.0)	(68, 185566.0)	(70, 200404.0)	(72, 202392.0)	(74, 183191.0)	(76, 191208.0)	(78, 245536.0)	(80, 194935.0)	(82, 195018.0)	(84, 184242.0)	(86, 182565.0)	(88, 177108.0)	(90, 173186.0)	(92, 182728.0)	(94, 361709.0)	(96, 6451.0)	(98, 2983.0)	(100, 5178079.0)					
cell_line_1_0h_rep2	(30, 49364.0)	(32, 44035.0)	(34, 53125.0)	(36, 78282.0)	(38, 85247.0)	(40, 72730.0)	(42, 80648.0)	(44, 89588.0)	(46, 92097.0)	(48, 93550.0)	(50, 98545.0)	(52, 119547.0)	(54, 122333.0)	(56, 124080.0)	(58, 127859.0)	(60, 130808.0)	(62, 141380.0)	(64, 147584.0)	(66, 141663.0)	(68, 153727.0)	(70, 165937.0)	(72, 171065.0)	(74, 153320.0)	(76, 161461.0)	(78, 215668.0)	(80, 168481.0)	(82, 167722.0)	(84, 160006.0)	(86, 160051.0)	(88, 155861.0)	(90, 154528.0)	(92, 167121.0)	(94, 365606.0)	(96, 7302.0)	(98, 3565.0)	(100, 5788714.0)					
cell_line_1_0h_rep3	(30, 44370.0)	(32, 40639.0)	(34, 49602.0)	(36, 66735.0)	(38, 75434.0)	(40, 73399.0)	(42, 84862.0)	(44, 93188.0)	(46, 97347.0)	(48, 99437.0)	(50, 106811.0)	(52, 122657.0)	(54, 127732.0)	(56, 132425.0)	(58, 137695.0)	(60, 139237.0)	(62, 149861.0)	(64, 159977.0)	(66, 155987.0)	(68, 168561.0)	(70, 181027.0)	(72, 183866.0)	(74, 167637.0)	(76, 171457.0)	(78, 203710.0)	(80, 179618.0)	(82, 178555.0)	(84, 172583.0)	(86, 171383.0)	(88, 168475.0)	(90, 167836.0)	(92, 177816.0)	(94, 349383.0)	(96, 6732.0)	(98, 3198.0)	(100, 5311302.0)					
cell_line_1_24h_rep1	(30, 69634.0)	(32, 63078.0)	(34, 73871.0)	(36, 100452.0)	(38, 112179.0)	(40, 102407.0)	(42, 114839.0)	(44, 124693.0)	(46, 131187.0)	(48, 133666.0)	(50, 137142.0)	(52, 164222.0)	(54, 170036.0)	(56, 173485.0)	(58, 175995.0)	(60, 178593.0)	(62, 192386.0)	(64, 202281.0)	(66, 199271.0)	(68, 224028.0)	(70, 251065.0)	(72, 238197.0)	(74, 212533.0)	(76, 217091.0)	(78, 261397.0)	(80, 227100.0)	(82, 226636.0)	(84, 220061.0)	(86, 219345.0)	(88, 216465.0)	(90, 215411.0)	(92, 239129.0)	(94, 466352.0)	(96, 8813.0)	(98, 4337.0)	(100, 7040890.0)					
cell_line_1_24h_rep2	(30, 62673.0)	(32, 58808.0)	(34, 70715.0)	(36, 93455.0)	(38, 105115.0)	(40, 100650.0)	(42, 118217.0)	(44, 128570.0)	(46, 134671.0)	(48, 141204.0)	(50, 149220.0)	(52, 164954.0)	(54, 177366.0)	(56, 181705.0)	(58, 183162.0)	(60, 183001.0)	(62, 198355.0)	(64, 210884.0)	(66, 204798.0)	(68, 231355.0)	(70, 256706.0)	(72, 239877.0)	(74, 213154.0)	(76, 213471.0)	(78, 252931.0)	(80, 222625.0)	(82, 222973.0)	(84, 213022.0)	(86, 211565.0)	(88, 205965.0)	(90, 208404.0)	(92, 230577.0)	(94, 438561.0)	(96, 4871.0)	(98, 366.0)	(100, 6861732.0)					
cell_line_1_24h_rep3	(30, 74968.0)	(32, 69461.0)	(34, 83413.0)	(36, 107801.0)	(38, 122204.0)	(40, 119319.0)	(42, 140620.0)	(44, 149958.0)	(46, 155878.0)	(48, 162666.0)	(50, 173775.0)	(52, 182347.0)	(54, 195126.0)	(56, 198799.0)	(58, 194428.0)	(60, 190830.0)	(62, 204455.0)	(64, 216095.0)	(66, 208332.0)	(68, 230610.0)	(70, 249022.0)	(72, 230842.0)	(74, 204529.0)	(76, 202261.0)	(78, 231891.0)	(80, 208049.0)	(82, 205687.0)	(84, 195217.0)	(86, 192097.0)	(88, 186968.0)	(90, 187062.0)	(92, 206068.0)	(94, 380966.0)	(96, 4036.0)	(98, 316.0)	(100, 5912228.0)					
cell_line_1_72h_rep1	(30, 64404.0)	(32, 57305.0)	(34, 67135.0)	(36, 97398.0)	(38, 105551.0)	(40, 97998.0)	(42, 109172.0)	(44, 119398.0)	(46, 126178.0)	(48, 130451.0)	(50, 136052.0)	(52, 161454.0)	(54, 165786.0)	(56, 169611.0)	(58, 172054.0)	(60, 177954.0)	(62, 188683.0)	(64, 198747.0)	(66, 194906.0)	(68, 214502.0)	(70, 235868.0)	(72, 232065.0)	(74, 210690.0)	(76, 217938.0)	(78, 263517.0)	(80, 228012.0)	(82, 225258.0)	(84, 219382.0)	(86, 216101.0)	(88, 212863.0)	(90, 212346.0)	(92, 230156.0)	(94, 462662.0)	(96, 8301.0)	(98, 4126.0)	(100, 6834795.0)					
cell_line_1_72h_rep2	(30, 47991.0)	(32, 44102.0)	(34, 52709.0)	(36, 73941.0)	(38, 81581.0)	(40, 81872.0)	(42, 96172.0)	(44, 104709.0)	(46, 111620.0)	(48, 116639.0)	(50, 126375.0)	(52, 138947.0)	(54, 148069.0)	(56, 153039.0)	(58, 153653.0)	(60, 155737.0)	(62, 165088.0)	(64, 176023.0)	(66, 172865.0)	(68, 187709.0)	(70, 202851.0)	(72, 198318.0)	(74, 182381.0)	(76, 185136.0)	(78, 215545.0)	(80, 193519.0)	(82, 192193.0)	(84, 184720.0)	(86, 181638.0)	(88, 179659.0)	(90, 180612.0)	(92, 190857.0)	(94, 361198.0)	(96, 3742.0)	(98, 256.0)	(100, 5388681.0)					
cell_line_1_72h_rep3	(30, 53067.0)	(32, 46697.0)	(34, 54047.0)	(36, 80029.0)	(38, 85557.0)	(40, 79661.0)	(42, 85971.0)	(44, 94235.0)	(46, 98772.0)	(48, 101699.0)	(50, 105424.0)	(52, 123447.0)	(54, 126431.0)	(56, 130297.0)	(58, 132114.0)	(60, 134555.0)	(62, 143888.0)	(64, 152419.0)	(66, 150408.0)	(68, 164471.0)	(70, 182557.0)	(72, 176186.0)	(74, 159982.0)	(76, 166218.0)	(78, 195758.0)	(80, 173056.0)	(82, 169871.0)	(84, 165648.0)	(86, 163795.0)	(88, 161312.0)	(90, 159591.0)	(92, 171937.0)	(94, 321029.0)	(96, 5508.0)	(98, 2593.0)	(100, 4382919.0)					
cell_line_2_0h_rep1	(30, 119289.0)	(32, 110778.0)	(34, 134749.0)	(36, 188616.0)	(38, 240113.0)	(40, 202825.0)	(42, 222681.0)	(44, 236772.0)	(46, 227700.0)	(48, 225244.0)	(50, 224822.0)	(52, 279203.0)	(54, 263979.0)	(56, 259284.0)	(58, 258869.0)	(60, 253548.0)	(62, 259798.0)	(64, 257310.0)	(66, 239442.0)	(68, 256037.0)	(70, 272477.0)	(72, 262499.0)	(74, 220385.0)	(76, 223834.0)	(78, 278381.0)	(80, 213804.0)	(82, 208523.0)	(84, 194804.0)	(86, 189454.0)	(88, 182191.0)	(90, 179731.0)	(92, 191922.0)	(94, 347836.0)	(96, 6575.0)	(98, 2913.0)	(100, 4850785.0)					
cell_line_2_0h_rep2	(30, 48990.0)	(32, 44655.0)	(34, 55043.0)	(36, 74581.0)	(38, 92568.0)	(40, 81181.0)	(42, 93165.0)	(44, 105214.0)	(46, 105950.0)	(48, 107938.0)	(50, 116122.0)	(52, 143102.0)	(54, 143981.0)	(56, 145846.0)	(58, 152181.0)	(60, 154792.0)	(62, 166211.0)	(64, 174236.0)	(66, 167884.0)	(68, 185323.0)	(70, 200045.0)	(72, 197907.0)	(74, 176649.0)	(76, 178537.0)	(78, 222280.0)	(80, 186597.0)	(82, 187192.0)	(84, 177871.0)	(86, 177543.0)	(88, 172295.0)	(90, 172601.0)	(92, 187949.0)	(94, 373522.0)	(96, 7314.0)	(98, 3557.0)	(100, 5996272.0)					
cell_line_2_0h_rep3	(30, 81713.0)	(32, 74283.0)	(34, 89521.0)	(36, 118812.0)	(38, 146789.0)	(40, 132598.0)	(42, 152109.0)	(44, 166260.0)	(46, 171731.0)	(48, 173985.0)	(50, 186175.0)	(52, 215462.0)	(54, 220728.0)	(56, 225631.0)	(58, 234370.0)	(60, 233719.0)	(62, 243305.0)	(64, 251600.0)	(66, 241210.0)	(68, 259982.0)	(70, 277116.0)	(72, 277965.0)	(74, 246355.0)	(76, 252124.0)	(78, 306646.0)	(80, 256749.0)	(82, 255425.0)	(84, 244174.0)	(86, 242893.0)	(88, 236562.0)	(90, 235844.0)	(92, 248524.0)	(94, 470724.0)	(96, 4732.0)	(98, 402.0)	(100, 7176729.0)					
cell_line_2_24h_rep1	(30, 57415.0)	(32, 52015.0)	(34, 60421.0)	(36, 83106.0)	(38, 94831.0)	(40, 91164.0)	(42, 104708.0)	(44, 116818.0)	(46, 122397.0)	(48, 127460.0)	(50, 138726.0)	(52, 158649.0)	(54, 165081.0)	(56, 171439.0)	(58, 175191.0)	(60, 176322.0)	(62, 185344.0)	(64, 193030.0)	(66, 188887.0)	(68, 208977.0)	(70, 224043.0)	(72, 221334.0)	(74, 197486.0)	(76, 204286.0)	(78, 250548.0)	(80, 206216.0)	(82, 207294.0)	(84, 199821.0)	(86, 197403.0)	(88, 191100.0)	(90, 191906.0)	(92, 203765.0)	(94, 395697.0)	(96, 4122.0)	(98, 303.0)	(100, 5925090.0)					
cell_line_2_24h_rep2	(30, 62075.0)	(32, 56435.0)	(34, 65929.0)	(36, 86518.0)	(38, 98277.0)	(40, 94267.0)	(42, 107295.0)	(44, 117579.0)	(46, 122458.0)	(48, 125521.0)	(50, 135625.0)	(52, 152753.0)	(54, 158523.0)	(56, 163445.0)	(58, 167645.0)	(60, 169387.0)	(62, 178127.0)	(64, 188123.0)	(66, 184794.0)	(68, 205423.0)	(70, 221572.0)	(72, 216044.0)	(74, 194846.0)	(76, 197209.0)	(78, 234214.0)	(80, 204647.0)	(82, 204122.0)	(84, 198135.0)	(86, 195616.0)	(88, 191157.0)	(90, 193004.0)	(92, 205034.0)	(94, 396940.0)	(96, 7279.0)	(98, 3642.0)	(100, 6189113.0)					
cell_line_2_24h_rep3	(30, 72851.0)	(32, 67559.0)	(34, 89400.0)	(36, 133829.0)	(38, 149939.0)	(40, 135963.0)	(42, 149995.0)	(44, 160133.0)	(46, 158141.0)	(48, 157994.0)	(50, 163401.0)	(52, 188769.0)	(54, 185517.0)	(56, 190248.0)	(58, 191561.0)	(60, 192328.0)	(62, 202619.0)	(64, 211412.0)	(66, 208198.0)	(68, 237275.0)	(70, 250159.0)	(72, 227861.0)	(74, 202156.0)	(76, 193179.0)	(78, 229254.0)	(80, 198489.0)	(82, 203655.0)	(84, 187249.0)	(86, 180996.0)	(88, 177113.0)	(90, 180591.0)	(92, 192402.0)	(94, 367612.0)	(96, 7307.0)	(98, 3672.0)	(100, 6019099.0)					
cell_line_2_72h_rep1	(30, 70601.0)	(32, 62850.0)	(34, 72003.0)	(36, 96153.0)	(38, 106668.0)	(40, 99809.0)	(42, 109876.0)	(44, 117927.0)	(46, 119799.0)	(48, 121550.0)	(50, 127557.0)	(52, 150794.0)	(54, 149130.0)	(56, 153336.0)	(58, 158365.0)	(60, 158218.0)	(62, 166926.0)	(64, 174335.0)	(66, 168448.0)	(68, 184912.0)	(70, 197979.0)	(72, 194931.0)	(74, 172774.0)	(76, 177048.0)	(78, 212621.0)	(80, 179527.0)	(82, 178791.0)	(84, 172231.0)	(86, 168395.0)	(88, 163787.0)	(90, 162174.0)	(92, 169108.0)	(94, 319362.0)	(96, 5698.0)	(98, 2809.0)	(100, 4592722.0)					
cell_line_2_72h_rep2	(30, 43357.0)	(32, 40021.0)	(34, 47405.0)	(36, 68290.0)	(38, 75067.0)	(40, 73167.0)	(42, 85752.0)	(44, 95233.0)	(46, 99689.0)	(48, 102572.0)	(50, 114707.0)	(52, 129678.0)	(54, 134970.0)	(56, 141047.0)	(58, 145334.0)	(60, 145981.0)	(62, 156148.0)	(64, 163978.0)	(66, 159283.0)	(68, 177461.0)	(70, 192036.0)	(72, 191000.0)	(74, 171021.0)	(76, 177150.0)	(78, 214492.0)	(80, 182502.0)	(82, 184375.0)	(84, 178610.0)	(86, 175136.0)	(88, 170332.0)	(90, 172447.0)	(92, 179996.0)	(94, 352788.0)	(96, 3661.0)	(98, 300.0)	(100, 5366041.0)					
cell_line_2_72h_rep3	(30, 88933.0)	(32, 81738.0)	(34, 93550.0)	(36, 133430.0)	(38, 147902.0)	(40, 140762.0)	(42, 160957.0)	(44, 176530.0)	(46, 182742.0)	(48, 186708.0)	(50, 206186.0)	(52, 235848.0)	(54, 239949.0)	(56, 248417.0)	(58, 254974.0)	(60, 255336.0)	(62, 271705.0)	(64, 284078.0)	(66, 274370.0)	(68, 304669.0)	(70, 329062.0)	(72, 324068.0)	(74, 290587.0)	(76, 299463.0)	(78, 371052.0)	(80, 307300.0)	(82, 309986.0)	(84, 299881.0)	(86, 293616.0)	(88, 283384.0)	(90, 285000.0)	(92, 298713.0)	(94, 592629.0)	(96, 6082.0)	(98, 526.0)	(100, 9058136.0)					
cell_line_3_0h_rep1	(30, 147947.0)	(32, 136320.0)	(34, 164731.0)	(36, 225305.0)	(38, 261047.0)	(40, 236212.0)	(42, 261546.0)	(44, 274373.0)	(46, 272592.0)	(48, 277000.0)	(50, 271897.0)	(52, 314260.0)	(54, 314253.0)	(56, 301453.0)	(58, 280986.0)	(60, 275515.0)	(62, 280780.0)	(64, 281326.0)	(66, 257722.0)	(68, 271313.0)	(70, 280067.0)	(72, 267138.0)	(74, 235783.0)	(76, 235428.0)	(78, 286086.0)	(80, 231968.0)	(82, 225646.0)	(84, 210241.0)	(86, 208553.0)	(88, 192802.0)	(90, 192076.0)	(92, 199002.0)	(94, 372821.0)	(96, 6897.0)	(98, 3303.0)	(100, 5535717.0)					
cell_line_3_0h_rep2	(30, 90590.0)	(32, 82831.0)	(34, 99339.0)	(36, 138838.0)	(38, 158769.0)	(40, 146174.0)	(42, 167650.0)	(44, 179302.0)	(46, 184186.0)	(48, 192072.0)	(50, 199608.0)	(52, 234847.0)	(54, 244529.0)	(56, 242826.0)	(58, 239568.0)	(60, 238987.0)	(62, 248297.0)	(64, 260385.0)	(66, 246214.0)	(68, 264748.0)	(70, 281613.0)	(72, 277585.0)	(74, 250570.0)	(76, 259153.0)	(78, 317834.0)	(80, 260676.0)	(82, 258251.0)	(84, 243009.0)	(86, 237293.0)	(88, 225227.0)	(90, 222391.0)	(92, 234942.0)	(94, 456579.0)	(96, 4632.0)	(98, 362.0)	(100, 6959920.0)					
cell_line_3_0h_rep3	(30, 71271.0)	(32, 64020.0)	(34, 78300.0)	(36, 115326.0)	(38, 132746.0)	(40, 120354.0)	(42, 141275.0)	(44, 154467.0)	(46, 158382.0)	(48, 167172.0)	(50, 182660.0)	(52, 207249.0)	(54, 216727.0)	(56, 218045.0)	(58, 214211.0)	(60, 214552.0)	(62, 227943.0)	(64, 241136.0)	(66, 230717.0)	(68, 253536.0)	(70, 274638.0)	(72, 267901.0)	(74, 242465.0)	(76, 248251.0)	(78, 311778.0)	(80, 255844.0)	(82, 256458.0)	(84, 239284.0)	(86, 237537.0)	(88, 224832.0)	(90, 230141.0)	(92, 240524.0)	(94, 469696.0)	(96, 5073.0)	(98, 378.0)	(100, 7420659.0)					
cell_line_3_24h_rep1	(30, 56897.0)	(32, 52023.0)	(34, 59814.0)	(36, 84835.0)	(38, 96837.0)	(40, 89634.0)	(42, 100508.0)	(44, 111020.0)	(46, 119374.0)	(48, 125708.0)	(50, 133386.0)	(52, 156842.0)	(54, 162766.0)	(56, 168763.0)	(58, 166871.0)	(60, 168153.0)	(62, 178242.0)	(64, 188809.0)	(66, 185224.0)	(68, 215046.0)	(70, 248187.0)	(72, 219558.0)	(74, 196115.0)	(76, 206872.0)	(78, 253788.0)	(80, 211085.0)	(82, 211690.0)	(84, 210318.0)	(86, 207827.0)	(88, 196779.0)	(90, 196457.0)	(92, 214953.0)	(94, 385140.0)	(96, 3898.0)	(98, 260.0)	(100, 5348138.0)					
cell_line_3_24h_rep2	(30, 47195.0)	(32, 42243.0)	(34, 49055.0)	(36, 69491.0)	(38, 78985.0)	(40, 69092.0)	(42, 76831.0)	(44, 83853.0)	(46, 88614.0)	(48, 92812.0)	(50, 94906.0)	(52, 118893.0)	(54, 119116.0)	(56, 121861.0)	(58, 119846.0)	(60, 122522.0)	(62, 130202.0)	(64, 137538.0)	(66, 135690.0)	(68, 158499.0)	(70, 185295.0)	(72, 165795.0)	(74, 149997.0)	(76, 159454.0)	(78, 199034.0)	(80, 164461.0)	(82, 167331.0)	(84, 166382.0)	(86, 165403.0)	(88, 156888.0)	(90, 158343.0)	(92, 176101.0)	(94, 350100.0)	(96, 6587.0)	(98, 3217.0)	(100, 5339192.0)					
cell_line_3_24h_rep3	(30, 50719.0)	(32, 46559.0)	(34, 51139.0)	(36, 72048.0)	(38, 81887.0)	(40, 76126.0)	(42, 85347.0)	(44, 93698.0)	(46, 102121.0)	(48, 105519.0)	(50, 112338.0)	(52, 129143.0)	(54, 135315.0)	(56, 140187.0)	(58, 137346.0)	(60, 137224.0)	(62, 144277.0)	(64, 151590.0)	(66, 147798.0)	(68, 176490.0)	(70, 204911.0)	(72, 170906.0)	(74, 150945.0)	(76, 159461.0)	(78, 196138.0)	(80, 159008.0)	(82, 158546.0)	(84, 158202.0)	(86, 156667.0)	(88, 147049.0)	(90, 145795.0)	(92, 162494.0)	(94, 281988.0)	(96, 2735.0)	(98, 201.0)	(100, 3831570.0)					
cell_line_3_72h_rep1	(30, 63492.0)	(32, 57751.0)	(34, 66594.0)	(36, 98122.0)	(38, 106159.0)	(40, 103696.0)	(42, 118361.0)	(44, 126691.0)	(46, 135206.0)	(48, 142525.0)	(50, 156898.0)	(52, 170135.0)	(54, 180279.0)	(56, 183125.0)	(58, 178516.0)	(60, 180040.0)	(62, 192380.0)	(64, 203556.0)	(66, 200310.0)	(68, 229834.0)	(70, 263835.0)	(72, 229515.0)	(74, 207521.0)	(76, 215220.0)	(78, 259039.0)	(80, 221014.0)	(82, 221369.0)	(84, 217340.0)	(86, 214465.0)	(88, 203462.0)	(90, 207285.0)	(92, 224868.0)	(94, 412392.0)	(96, 4210.0)	(98, 327.0)	(100, 6340228.0)					
cell_line_3_72h_rep2	(30, 55475.0)	(32, 49769.0)	(34, 55974.0)	(36, 81929.0)	(38, 87282.0)	(40, 82731.0)	(42, 92364.0)	(44, 99572.0)	(46, 105662.0)	(48, 109699.0)	(50, 118201.0)	(52, 133458.0)	(54, 138580.0)	(56, 142591.0)	(58, 137681.0)	(60, 138920.0)	(62, 147743.0)	(64, 154535.0)	(66, 152984.0)	(68, 175402.0)	(70, 205818.0)	(72, 173157.0)	(74, 156025.0)	(76, 162599.0)	(78, 199049.0)	(80, 164708.0)	(82, 165560.0)	(84, 162645.0)	(86, 159738.0)	(88, 151713.0)	(90, 152844.0)	(92, 168762.0)	(94, 314440.0)	(96, 3226.0)	(98, 274.0)	(100, 4878606.0)					
cell_line_3_72h_rep3	(30, 50733.0)	(32, 46057.0)	(34, 53965.0)	(36, 79592.0)	(38, 85773.0)	(40, 81029.0)	(42, 91554.0)	(44, 100812.0)	(46, 108435.0)	(48, 112916.0)	(50, 119800.0)	(52, 144388.0)	(54, 149097.0)	(56, 153962.0)	(58, 152650.0)	(60, 157245.0)	(62, 170462.0)	(64, 181996.0)	(66, 183084.0)	(68, 217888.0)	(70, 269872.0)	(72, 218606.0)	(74, 197713.0)	(76, 207705.0)	(78, 254998.0)	(80, 218210.0)	(82, 221837.0)	(84, 219933.0)	(86, 218724.0)	(88, 208412.0)	(90, 213967.0)	(92, 242420.0)	(94, 451576.0)	(96, 8626.0)	(98, 4270.0)	(100, 7201086.0)					
